world: 81db9aab-fb5c-466b-b1d1-02eed19ae64a
world-name: Haritalar
x: 15000.478218875942
y: 73.0
z: -5025.615258858654
yaw: 179.6986083984375
pitch: 5.850006580352783
name: arenagiris
lastowner: ce76cc14-89ff-3b05-9cc1-9b0ef26eeac7
