world: 81db9aab-fb5c-466b-b1d1-02eed19ae64a
world-name: Haritalar
x: 15000.5
y: 73.0
z: -5010.5
yaw: 179.54876708984375
pitch: -1.949999213218689
name: arena
lastowner: ce76cc14-89ff-3b05-9cc1-9b0ef26eeac7
