world: 0517473f-2868-4811-9c62-4b377beccc84
world-name: arsalar
x: 0.5
y: 65.0
z: 0.5
yaw: -0.3000015616416931
pitch: -0.8999907970428467
name: arsalar
lastowner: ce76cc14-89ff-3b05-9cc1-9b0ef26eeac7
