world: 81db9aab-fb5c-466b-b1d1-02eed19ae64a
world-name: Haritalar
x: -6587.495114381309
y: 43.5
z: 2717.699999988079
yaw: 179.70123291015625
pitch: 1.799966812133789
name: edit
lastowner: ce76cc14-89ff-3b05-9cc1-9b0ef26eeac7
