world: 81db9aab-fb5c-466b-b1d1-02eed19ae64a
world-name: Haritalar
x: -15032.5
y: 100.0
z: 14921.5
yaw: 129.90090942382812
pitch: 0.30011337995529175
name: kasalar
lastowner: ce76cc14-89ff-3b05-9cc1-9b0ef26eeac7
