world: 81db9aab-fb5c-466b-b1d1-02eed19ae64a
world-name: Haritalar
x: 10000.5
y: 54.75
z: -1959.5
yaw: 180.0027313232422
pitch: -0.15001371502876282
name: kothgiris
lastowner: ce76cc14-89ff-3b05-9cc1-9b0ef26eeac7
