world: 81db9aab-fb5c-466b-b1d1-02eed19ae64a
world-name: Haritalar
x: 10000.5
y: 63.5
z: -1949.5
yaw: 179.702392578125
pitch: 4.500001430511475
name: koth
lastowner: ce76cc14-89ff-3b05-9cc1-9b0ef26eeac7
