world: 81db9aab-fb5c-466b-b1d1-02eed19ae64a
world-name: Haritalar
x: -14999.5
y: 99.0
z: 14901.5
yaw: 180.150634765625
pitch: -0.8999890089035034
name: lapis
lastowner: ce76cc14-89ff-3b05-9cc1-9b0ef26eeac7
