world: 81db9aab-fb5c-466b-b1d1-02eed19ae64a
world-name: Haritalar
x: -14999.5
y: 99.0
z: 14926.5
yaw: 179.70068359375
pitch: -4.166364760749275E-6
name: metintasi
lastowner: ce76cc14-89ff-3b05-9cc1-9b0ef26eeac7
