world: 682c645b-e404-4266-a973-1c3a7f937610
world-name: orman
x: 205.27880845506434
y: 69.0
z: -157.3010523376288
yaw: 181.05064392089844
pitch: 6.599991798400879
name: ormangiris
lastowner: ce76cc14-89ff-3b05-9cc1-9b0ef26eeac7
