world: 682c645b-e404-4266-a973-1c3a7f937610
world-name: orman
x: 206.5371677278452
y: 69.0
z: -131.5973511771649
yaw: 179.8507537841797
pitch: -0.5998915433883667
name: orman
lastowner: ce76cc14-89ff-3b05-9cc1-9b0ef26eeac7
