world: 81db9aab-fb5c-466b-b1d1-02eed19ae64a
world-name: Haritalar
x: -14986.5
y: 99.0
z: 15007.5
yaw: 269.7008972167969
pitch: -2.9999992847442627
name: parkur
lastowner: ce76cc14-89ff-3b05-9cc1-9b0ef26eeac7
