world: 81db9aab-fb5c-466b-b1d1-02eed19ae64a
world-name: Haritalar
x: 9865.5
y: 30.0
z: 9874.5
yaw: 180.1482391357422
pitch: 1.3047456377535127E-5
name: pvpmadengiris
lastowner: ce76cc14-89ff-3b05-9cc1-9b0ef26eeac7
