world: 81db9aab-fb5c-466b-b1d1-02eed19ae64a
world-name: Haritalar
x: 9865.5
y: 42.0
z: 9891.5
yaw: 179.6992645263672
pitch: 0.7499765157699585
name: pvpmaden
lastowner: ce76cc14-89ff-3b05-9cc1-9b0ef26eeac7
