world: 81db9aab-fb5c-466b-b1d1-02eed19ae64a
world-name: Haritalar
x: 2500.5
y: 104.0
z: 12000.5
yaw: 179.70083618164062
pitch: 1.7999634742736816
name: rutbehammadde
lastowner: ce76cc14-89ff-3b05-9cc1-9b0ef26eeac7
