world: 81db9aab-fb5c-466b-b1d1-02eed19ae64a
world-name: Haritalar
x: -14999.494032321016
y: 100.0
z: 14977.457650223687
yaw: 359.8509521484375
pitch: 0.45009931921958923
name: sıralama
lastowner: ce76cc14-89ff-3b05-9cc1-9b0ef26eeac7
