world: 81db9aab-fb5c-466b-b1d1-02eed19ae64a
world-name: Haritalar
x: -14999.5
y: 100.0
z: 15000.5
yaw: 181.20095825195312
pitch: 1.9499977827072144
name: spawn
lastowner: ce76cc14-89ff-3b05-9cc1-9b0ef26eeac7
