world: 81db9aab-fb5c-466b-b1d1-02eed19ae64a
world-name: Haritalar
x: -14971.5
y: 99.0
z: 14928.5
yaw: 226.3507080078125
pitch: -2.099956512451172
name: vakitnakittir
lastowner: ce76cc14-89ff-3b05-9cc1-9b0ef26eeac7
